k1=50;
b=50;
k12=20;
M1;
M2=0.2;